984292 1290911148
348601 1849515689
379731 1816236813
548442 799031273
617599 2046213679
531828 1151708930
234479 2107959203
792919 954664306
783945 72925605
753333 1925727263
25904 524231700
933037 1823885137
283910 1700828782
130006 410351355
626058 1042851769
754692 1365610350
279269 599619646
642391 50175352
372811 383707185
206625 1501990410
437217 295254805
215692 597671696
730361 39524964
336002 833514306
450569 90605687
757922 302476473
837387 1925690959
361610 116637650
36093 339007969
989005 294178503
859738 1986743697
788853 1568139007
879695 579947597
314360 707252506
654782 320037337
759269 1246091999
292143 567974961
763695 871022504
499925 1248616049
536810 719950494
221737 168811084
426967 1954059124
502043 1001304930
696774 1426054489
312899 450202131
232992 574688989
462181 1232538198
827996 728341876
485795 1613658708
594383 628656929
696046 1497353652
748929 401504541
328613 1571028976
527045 525344891
161378 829580207
295385 2011383115
391292 120238705
958591 945409687
543635 1741171718
980528 314372886
890201 1944213521
61875 333352382
268071 884406223
694259 694270218
581284 349804994
927147 136793682
158646 1050192428
298223 1765003611
737757 1810825268
864854 1145899135
921827 1388160240
798602 1491313119
398945 680273545
239159 482458932
961615 513219687
831818 317851817
949560 1685893693
204199 1339217631
816268 1712898458
487849 773397552
703452 1208931349
191234 1762378450
640129 1448489457
898414 585377886
831077 1522763268
277021 1604752905
439860 593591975
582376 124355157
865521 1237821535
814089 1547827136
41223 1403645907
678953 2060990783
55952 369399505
724767 1364872221
297963 1138728968
269773 1997517768
176669 900977360
412570 311816799
983169 844827336
194685 1313814247
106957 480988059
83504 983546817
580034 1719665880
901975 200961907
3768 1714716064
789044 413561343
878324 1466984349
68478 1912934276
383854 1579793245
322849 1771198170
38566 1121108975
232290 771215235
86335 1086161212
32034 76585856
988549 1980226720
400103 3611858
731131 13999959
158675 1388311165
665840 2095060650
273073 396185960
293067 1190578469
747303 485687743
79170 1136815781
138371 198979377
125379 1381461221
177547 1140163945
86548 1443926189
379180 229689235
603753 846927567
275091 166108654
670639 1696675195
720512 993401770
675154 1156879188
229287 1296857346
456190 1823502360
43306 619265609
597181 355306961
953352 1376676352
122743 1356091724
655729 2061248122
69297 1398349628
928419 945155845
792169 817823951
845080 1077395922
751518 1481120171
504577 196938509
311718 1413225089
340279 593503225
620629 1424569567
360571 1527076820
588279 1435920230
342429 1967185461
227191 1103812134
378165 1135866286
420210 624550246
630760 902489507
899874 2103559179
645352 570208395
899483 875006784
604317 291167353
643307 743625246
105863 1238955026
366688 1678446142
458251 431987317
532061 1575335174
64137 2056120341
771756 1957922919
822154 507515300
251405 924716671
381586 1226671615
266917 545528699
161122 1424683143
604230 1829322826
891538 1275503713
845962 1495012207
671067 765489269
153806 2054776930
444295 100520494
739424 1689418898
507811 393787838
270425 344088301
424531 1981042181
527572 30763037
73833 1068778977
479708 1984455420
966944 357262977
500471 129644418
946120 884104701
967244 1629354010
124767 368329558
882569 1578795834
818827 1068036375
89116 990779475
556869 924344892
714725 1701064681
132730 1649985150
152982 1620557261
543684 52196906
320298 1824617517
975883 459316358
589289 1268942827
579335 2044089760
587245 451041807
710814 1210070841
395817 792835581
400399 909794739
147767 564735578
831114 1710236883
515053 998904336
98127 2088229779
485369 1805230858
731281 450154703
304471 926791317
351609 782141122
925187 1623327492
457480 118030828
786671 2058036816
636941 2143373916
594975 795347755
961109 294507145
183336 636877860
301884 1812331103
613438 1034649350
84338 609644844
553686 1862182465
390975 438555407
929675 2141122256
710110 650750499
429926 1391061719
891621 1524355113
905563 526865453
385941 1611692234
418621 1657022882
582502 799013597
886989 666059963
520742 1893070325
937823 150338978
917780 357067614
988328 785518470
712458 1071058367
217288 1517103433
613774 2020146963
742041 250840237
413814 283688319
901956 1956305435
43432 361323872
687241 1302945726
16106 773105862
484960 1433114961
119459 1117371950
174924 518156553
958627 1254629100
495531 273392760
696714 1853483860
911230 430925524
58579 1559128518
28957 139188705
791834 1311287350
28942 1955205648
975670 2031930899
27436 1255535454
771123 2099714677
997532 71303581
336891 1223482493
418542 149972703
370795 1456109819
129256 1056329422
255271 1336624788
722182 27468337
625000 241149765
393861 1819683579
278283 258939170
872284 1084586469
226520 201417579
308470 1017718542
864830 508852258
770349 331635953
83287 536767881
939534 1186420178
250374 1907358077
392881 1953621169
984248 2004522138
466944 1779239519
663278 44705478
707856 88804630
855243 117618069
488209 2086133527
557239 1719876845
236348 1946783759
294424 1915544818
18654 2007159254
913428 942789003
311559 737996715
556884 594251094
416894 1092323611
125523 1113326127
461132 1570109771
364617 1760928076
865642 16544247
633555 861089850
348877 2091488798
707919 2013837086
138677 1355265158
230284 905891378
565269 1360041060
952548 1971583923
716667 950865977
889278 1411028226
862692 98962515
279320 1465795938
286126 211921195
638418 2089747258
30966 1402003035
191687 836412960
547283 1361341594
502810 1523896160
346744 528727081
249599 1188001774
992239 828996235
893152 891073861
553647 620362052
174136 1261270314
228029 1482063415
814893 1112607074
25930 382610565
919364 624828408
531761 862557782
92018 229079079
77170 122800057
492040 1535624453
141651 615511202
36965 642004748
238284 154802916
6522 880746875
799151 1776416026
820736 1025352799
294430 339511225
139465 1820522460
574640 663954358
645886 1255116922
564924 1216565250
945330 1641096685
123033 299553700
175764 48716555
353758 788184156
341008 1906495409
695359 348894325
16509 400449995
697242 83539383
196870 1487496393
955409 905533959
365544 2109249840
45184 504505010
288652 919136176
459368 420450890
769450 67540644
16140 1906714780
637329 1568655525
784832 1431329446
372080 481138590
29954 1054229440
150352 1475725313
123766 641166861
175308 1906821008
706245 1009888531
833753 437178006
422490 1612199298
944198 1012984026
704308 33749202
120202 1137680028
200092 1958889652
220673 2091216233
120784 766374354
388110 1776905616
220152 982276543
560559 122250107
505983 350710911
975420 1292146101
877772 1326667081
483461 1716584017
71964 150833567
278376 2104494454
32865 405222574
994832 1732253525
971777 754631386
449905 893171869
37390 1927670578
904454 136674526
561285 201808917
580142 596781437
85460 2024140701
31544 1073107795
367964 169523317
770249 1219245737
190398 1269253710
346106 1685262362
87277 794624482
273168 1035636494
847057 464784352
406371 1638818834
415738 1342856277
507055 1785453128
43207 1221411510
127654 1669604492
220427 1688224148
902282 459822239
881202 837933826
930034 1792249166
457143 1750700283
11255 356163893
470346 1652357362
426255 145073975
498196 1536215775
710470 1499345253
127 1801116841
680439 1072932217
489470 1375187495
901697 2119532678
115357 485545703
653522 1872335784
286204 1760555804
674375 1591167406
5983 1717604409
932924 1458463126
821045 2099944180
627020 45807743
817894 1708569627
881718 1904316090
301755 1371592188
177696 950818234
225382 99374487
750452 2021714852
561982 587168501
763882 1923677339
714205 1487933757
529475 1099000409
5913 1833203850
684167 1552011896
324612 1778617091
991375 576662009
77623 530134747
469752 1188411869
220726 813351470
244312 1188522481
460011 53938360
340716 1062685393
312847 2015607520
916597 1627874830
292373 783196832
68521 1528006578
646941 905114349
523339 1224652854
834551 1022207506
181103 1994159163
340950 1492172478
337524 236934925
307225 1045807276
346795 2113527951
158747 223107459
566785 1896618758
45819 1146423853
820503 430358666
547725 1748737100
233496 1469840098
450284 1314818370
363029 508097225
449071 1329886368
750080 663283622
610227 214447535
959138 857951177
620013 933296662
886102 1581443590
103939 372749249
487893 1690779038
856708 554571030
914148 872902527
994883 104251003
261194 568058960
988103 1214011042
899059 89954740
345764 740778440
51965 453794835
664808 183318397
78458 127791387
765932 1627037596
742564 2104385945
850610 2080628667
345887 244470901
894268 938350133
249939 901750977
921163 1227680439
653504 1046432399
931442 930431050
491359 1037435898
442093 1504906770
390638 378304209
201562 1725442603
99045 21382723
761001 1949177503
174110 159043285
731451 1134916675
945583 1841582061
61694 1654291470
52963 1373955962
157955 1873819254
223291 1938079119
16046 1902876796
27870 138463840
824198 304035581
899738 682782643
942352 155806728
86853 1907143914
249332 1893185898
526637 1642526685
879753 2077700748
569970 976127556
133775 1917515553
225969 2133195469
323376 608795284
667783 1869481331
130891 1487891075
76802 1289146937
284223 349621024
610777 1929108421
656606 456026868
407417 315115310
833596 1525494270
775576 345599280
196520 2003302214
125965 818592625
519314 1642212288
720181 851169441
244193 317462502
881262 689083921
257787 49065397
81605 1261388678
956472 2071158407
51967 632757047
295784 1830662744
381821 926952390
205964 878789238
67700 751039561
799860 1316843276
638841 1527996380
661842 937281159
105357 958697508
9799 1993825538
866949 1844253992
804392 499264563
854266 1090062179
329961 796935871
967209 2085286433
610630 607019176
559833 993906414
198273 984941654
858804 429404237
730892 1015442856
443798 2120530752
802485 129598992
43484 1357464327
880151 1700148841
678188 1498889950
490731 1978545137
660294 1710295123
326053 1581514560
873655 878656014
966783 856840864
458799 951577414
860041 1387018632
483828 1754058314
476638 1718858985
978903 2088207530
818193 1216422702
254634 771620678
21694 1414814470
85006 265418197
479663 150279546
308147 366486746
824683 812484793
781870 311667088
515706 582171877
323102 477482489
12741 2006781902
59903 755389134
316886 1227060084
963800 1470793525
435421 397942704
517407 1385253614
365406 1325288394
390645 812903452
619216 2138475651
321649 1560098880
271549 695146148
585626 122612584
630941 1855883848
279673 1754146647
572077 1624602775
145489 1729584819
901029 1513205392
490305 582734268
781828 699454106
527793 1391217249
396810 1317561552
987216 564278568
366298 638377861
182020 1087985515
369864 308020021
600747 770641413
166169 279702725
253997 363313462
586574 1327533670
460110 278675003
652798 54121951
259822 141070179
327343 198266480
804447 12625524
720586 629848592
842773 1995117396
410145 2032829989
912316 295292795
724202 1789094336
278310 1153094066
114357 1883879057
735479 952796878
98135 669505829
110340 4201061
39499 1286086802
876064 654208649
208753 143652239
278829 760052449
918719 1519083276
677973 1239639305
448221 29037098
273053 1948858366
867088 1499185369
667513 438107642
796057 1479945824
201709 1090426766
341233 1367453540
223644 1232439368
959369 1211850336
640429 1886515221
453491 1519516494
240222 1690662244
168733 1188519051
231045 2005087452
118680 1075909018
243109 561566901
946117 37032514
941619 1019329557
217883 459609132
437199 529530292
554956 901155260
957058 1008412542
125153 1515697054
368262 10600874
63742 1330008692
116095 930517233
41538 142872670
695830 217726623
391721 776926875
330427 1891510401
835894 1172573536
593654 810298363
606050 668535273
627920 598340285
144406 1139581471
870577 920215714
736732 600343987
628256 14378237
41041 2021996519
979111 548621135
521563 1922095207
138369 1906563101
967877 1952834199
289724 1248875950
277426 52136503
902704 287629672
710039 1298496358
928035 286832441
31632 780072307
172726 947692390
653779 2013043303
908104 1812906863
903642 1649052713
285100 434461035
565584 1852264211
82170 580603499
875770 314736891
682952 1544359999
87442 316489028
752302 702364869
625531 1638655006
994541 1593335570
667716 2087922577
168011 609215700
511236 617857089
908090 492681367
416744 1277332547
104582 949320386
901612 1985389682
781421 154983548
170246 219379943
587047 1169562368
116835 1075269999
438720 654204277
759027 1212191022
569146 1760384558
362380 199080040
236480 1493030096
518969 938920843
245797 860030205
777932 1511670239
711573 2040194676
519138 1510816155
31414 1420420750
722190 78329187
404298 891408788
709130 163507697
971156 831825965
777696 479926228
30243 483053075
117250 695115741
953985 247995982
195781 1302190465
26079 1033714750
627660 1695788228
744956 1650405592
974819 1098972881
116620 1701493958
305388 237664386
431060 1811027578
993573 402351711
952718 613702704
859408 468440227
528669 1804637105
366455 784075264
206532 493000058
191006 236160518
996040 225903139
350983 334538471
617890 1631978644
326699 1005879198
900588 942817871
852079 530533561
828181 419673819
197947 1471259241
217750 1084191521
610952 638170468
894225 291986713
610695 995939246
623818 2054977151
14511 89346702
493561 1111721869
507220 1141489601
625008 1863858204
28073 449759250
353200 1358871124
638448 335770140
205347 1413006879
303701 651033528
680699 1634501649
292770 1915898449
209522 1848420074
585269 121620099
406787 1513195965
559345 2089546957
689468 750090208
410012 1821183029
812077 356917232
188982 1051953438
291788 143733407
712688 1421644988
604532 809867489
415129 1656809879
390720 476235182
359760 1908071419
736831 135168882
486220 534462705
588956 2083071490
82804 1976512096
783807 1773642150
575405 721989627
248710 1949985417
689008 90577140
419002 1210877990
530578 232710790
611398 496759618
355779 709732282
627107 1264287260
58513 1382017828
522442 379418273
605599 1703775626
587155 671608172
754683 350692464
196014 746837488
720912 2055979821
995990 2098296317
485800 749244700
798087 1026174808
821840 2060217089
569150 1982352418
444231 1444180548
628389 1799800010
429182 1638255496
603622 225487696
789676 509642417
905969 2015395276
934395 1119493125
519800 156689078
185589 1146715814
526566 1649906501
211987 1276522556
719170 1685697787
767257 1354033609
388947 718105449
767050 653958097
974220 1412211282
138646 884602609
527644 2104567828
374457 1981131267
571876 1248164134
290036 787477846
75762 409224431
970971 1655595562
913509 1229672912
827728 1469440076
95765 1710039715
478984 185331287
253854 476762593
364897 1812642801
868043 658648299
117250 1747842263
859581 269772248
961224 987903578
856429 860335681
551197 409428305
499815 1164841233
906151 1077091929
65664 956393474
203843 2139979173
582738 1240031571
935601 770678503
587638 2060414586
9791 2050841492
693531 347891040
645 1584561574
539339 2035117896
920189 929915273
406496 1669881413
818851 384262925
733447 591886400
691231 343749614
727633 1990597382
841544 1183309649
507209 2006045387
805174 838089947
593311 490257128
768451 1901180949
188066 417294594
538794 792881597
185634 1373055791
959524 1771724973
690039 1414879713
156598 1418096536
277479 324491801
359461 1320010926
378201 448567044
760540 525622186
680779 937118436
931835 1091187988
680176 737253362
277935 1894273487
510490 1390562738
970788 1630698556
857332 1305025934
96505 425559318
598078 506056029
800644 1791288117
935743 603957242
901005 710729574
449044 716776819
740500 1844827245
343863 1547017392
965784 1457024642
652181 1931897619
728982 1132332357
667333 182523270
122196 1749177823
86008 379609336
392731 1233459693
635271 1508489237
19011 67749701
545266 1708819655
37818 1787997361
293250 773455176
243287 1093742294
231995 234500139
85891 508092210
517532 1014051675
116853 2118169713
465647 218362187
18422 1320132980
885457 1982140618
827156 1973971466
266306 6736239
947511 1898901577
225476 571482874
651278 1382287095
818882 1678205449
800808 298112132
176977 1374044096
854426 1794408972
544235 35456669
17534 1242578119
508345 2120134387
264184 1847973992
12927 168798958
623324 591898384
455928 1942450480
386202 217722235
186720 1478333713
623812 1316928548
816588 1935791443
731995 35151822
513244 1574532804
263954 1770690221
93252 1725118380
615545 262153839
575049 1572633079
731959 662599746
283819 570512495
90090 1736296746
311454 1383713415
711482 742767382
680247 599097685
489617 980383319
431398 929629782
828220 1979764338
937577 701560215
916160 36967173
609371 200696466
657394 929702623
814846 1077789291
856463 1538906248
938722 549104774
22346 2048222541
617269 417112437
35639 1858928723
825852 1817747122
212458 832022451
361159 1414702075
405771 199308909
848209 1962233991
589600 914785786
310558 2046505760
752959 644919930
718579 611926705
622553 2025533425
715996 618995368
956025 45171071
100142 1470978372
393612 140233764
90809 1582945604
162487 1541433013
209078 305891297
971816 1522570237
593373 2038377587
879146 1917441582
127930 1753468746
743721 221954841
490859 1636496680
874771 1752209438
939738 294013676
259215 1790655734
9045 899731593
826805 2081109187
226317 1781736770
859303 2111317126
198726 2073021791
266491 322924156
429440 1731238307
494393 1952022813
132247 1419889891
980748 1327776529
874990 259240821
731370 530882201
737501 269122493
607991 1996677239
136170 1765867206
849326 1476145215
115151 1328192483
770754 741341468
445605 1483630058
174946 32160683
168201 62957789
84839 1640597641
196097 53095584
136807 1268844696
985476 1019633907
